origin:
  x: -0.010000049136579037
  y: -1.2100000381469727
resolution: 0.022734375670552254
x_range:
  max: 1.915675983742739
  min: -2.7043241989082443
y_range:
  max: 2.6892159309811317
  min: -3.1307842406802453
